1.487428365307685915e-09
3.139123925929273292e+07
2.550966107033427432e+07
1.379631632862826996e+07
8.922293688769923523e+06
6.308154865690499544e+06
4.404891517203534022e+06
3.472284063455556519e+06
2.669235455938101280e+06
2.123884261021867394e+06
1.794168755380528746e+06
1.438579518312213710e+06
1.256119796378067927e+06
1.064617887928255368e+06
9.093514940431404393e+05
8.208993420215294464e+05
6.966799186718050623e+05
6.366416076777901035e+05
5.646881864352679113e+05
4.996177436360236607e+05
4.667037484573462280e+05
4.083478119701120304e+05
3.827441622148685856e+05
3.484454386398245115e+05
3.147852449654068914e+05
3.001955904593088781e+05
2.676754469557260745e+05
2.549607555307473231e+05
2.360486748287758674e+05
2.161928902243549819e+05
2.090444959073631326e+05
1.888089749383088492e+05
1.818454439382142446e+05
1.703433577927292208e+05
1.575360451986269618e+05
1.538405030597379955e+05
1.402448755273900169e+05
1.361703900933670229e+05
1.286645680817953253e+05
1.198531087735870678e+05
1.179123399911476299e+05
1.082490458726265933e+05
1.057543465695804916e+05
1.005897113768154668e+05
9.422508940128557151e+04
9.323497349389508599e+04
8.606535834853541746e+04
8.449095098336754018e+04
8.078732041876568110e+04
7.601226866746274754e+04
7.556078309168787382e+04
7.005868683880899334e+04
6.904706180401613528e+04
6.630171800175879616e+04
6.260875232870420587e+04
6.247170606597390724e+04
5.813287653274058539e+04
5.747871983485839155e+04
5.538775699958133191e+04
5.245985294841222640e+04
5.250944219586229156e+04
4.901060997045625845e+04
4.859041505605871498e+04
4.696141226957900653e+04
4.459162363202043343e+04
4.475229834473624942e+04
4.187767178176269954e+04
4.161427018840600795e+04
4.032061847690814466e+04
3.836881943507117103e+04
3.859464815840670781e+04
3.619522346834635391e+04
3.603885827842883737e+04
3.499450304498381593e+04
3.336283111441613437e+04
3.362529579091560299e+04
3.159518768189116236e+04
3.151292000875127633e+04
3.065772376370638813e+04
2.927599773768293380e+04
2.955713144260513218e+04
2.781921468255298532e+04
2.778874946378449022e+04
2.707966402568904596e+04
2.589638621580893596e+04
2.618477625999173688e+04
2.468165642148996994e+04
2.468761691525990682e+04
2.409317298360976201e+04
2.306978999781246603e+04
2.335817895906141348e+04
2.204633449368013680e+04
2.207794577971462422e+04
2.157470856439758791e+04
2.068184305035212310e+04
2.096565142391964037e+04
1.981152799444322955e+04
1.986113830437316210e+04
1.943136683180871842e+04
1.864627946909614911e+04
1.892267562155018823e+04
1.790001853180641774e+04
1.796213334867630692e+04
1.759219811485785976e+04
1.689703913022886991e+04
1.716434265882993350e+04
1.625233542658513761e+04
1.632297351565736972e+04
1.600226423856041765e+04
1.538284427284915000e+04
1.564013705673652839e+04
1.482207735018349558e+04
1.489833354755977416e+04
1.461849095574478815e+04
1.406340120053440842e+04
1.431027039631069601e+04
1.357261179678183908e+04
1.365235531202597667e+04
1.340672161255667925e+04
1.290669355848089072e+04
1.314305987867121803e+04
1.247470747015193774e+04
1.255637064605586602e+04
1.233959033386982082e+04
1.188702289190106058e+04
1.211302484870546868e+04
1.150480998622588231e+04
1.158723844479826403e+04
1.139496423042505194e+04
1.098356969887911873e+04
1.119948506492628803e+04
1.064376862897015053e+04
1.072611370360567889e+04
1.055478708044503946e+04
1.017932277422376501e+04
1.038551507941336968e+04
9.875884198688932884e+03
9.957524894715041228e+03
9.804210458465424381e+03
9.460272936715136893e+03
9.657154974413635500e+03
9.188188645740827269e+03
9.268674477935050163e+03
9.130933462846378461e+03
8.814799082961679233e+03
9.002808068482756426e+03
8.569894182920033927e+03
8.648902942070883000e+03
8.524695714765617595e+03
8.233195873512797334e+03
8.412776638789402568e+03
8.011967797012336632e+03
8.089274103316362925e+03
7.976884278081521188e+03
7.707306907380020675e+03
7.878900666238167105e+03
7.506799569153840821e+03
7.582251294362959925e+03
7.480226159901922983e+03
7.230237295093907051e+03
7.394274283520224344e+03
7.047941892322140120e+03
7.121442372210694884e+03
7.028545743026034870e+03
6.796126582666374816e+03
6.953021397221868938e+03
6.629902782123966062e+03
6.701397324080514409e+03
6.616571941330434129e+03
6.399967966079926555e+03
6.550116781371119032e+03
6.247980828331355042e+03
6.317446428538968576e+03
6.239783762383297471e+03
6.037463319935862273e+03
6.181242408498709665e+03
5.898132468776609130e+03
5.965569944023087373e+03
5.894285778194221166e+03
5.704906154946007518e+03
5.842671304308300023e+03
5.576864549363466722e+03
5.642292496515931816e+03
5.576707063653548175e+03
5.399086520842061873e+03
5.531173061104203043e+03
5.281146810978564645e+03
5.344596957736761397e+03
5.284118681397324508e+03
5.117213275161437195e+03
5.243936514167081441e+03
5.008340189001457475e+03
5.069853809074306810e+03
5.013965923050516722e+03
4.856850186291045247e+03
4.978506108772910011e+03
4.756137742678635732e+03
4.815762888977916191e+03
4.764012366418307465e+03
4.615863126771195311e+03
