-2.500000000000000000e-01
6.361238408531831590e-02
5.882615729901333745e-01
5.916545285181947118e-03
4.134826122392090686e-01
-1.979292589955546633e-01
1.985449719093582144e-01
5.963081127919692692e-01
-1.373987922690567999e-02
3.889165824649510883e-01
-2.181516643166679648e-01
1.793200992362962709e-01
5.806911474419662600e-01
-2.713217204514995623e-02
3.768823341646979075e-01
-2.278938152328112698e-01
1.702273753579803817e-01
5.730264575959498341e-01
-3.391770721771023706e-02
3.706001363050986930e-01
-2.331795308007693635e-01
1.651625241180157133e-01
5.686204499524802891e-01
-3.792304193253692030e-02
3.668045009365989984e-01
-2.364527272530864421e-01
1.619656904757603433e-01
5.657823185036668923e-01
-4.054924564337023668e-02
3.642758268075354522e-01
-2.386690677070304190e-01
1.597719353439669421e-01
5.638075847415234820e-01
-4.239924934506889703e-02
3.624742747220860428e-01
-2.402661885479845383e-01
1.581756567962828985e-01
5.623563228446383233e-01
-4.377118301755701657e-02
3.611270369319702911e-01
-2.414706166503894080e-01
1.569629995457859084e-01
5.612455733882764086e-01
-4.482845339735276602e-02
3.600820995841414462e-01
-2.424108148397169926e-01
1.560109465635430015e-01
5.603684559592817527e-01
-4.566785161712320212e-02
3.592482632360726180e-01
-2.431648909918226187e-01
1.552438576368470047e-01
5.596584632115350066e-01
-4.635026578321350260e-02
3.585675734755166544e-01
-2.437830043348281905e-01
1.546127181848968024e-01
5.590720872776917538e-01
-4.691587777793062436e-02
3.580014691047747055e-01
-2.442988129801029751e-01
1.540843940570225112e-01
5.585796882007162401e-01
-4.739225900137546826e-02
3.575233106094540814e-01
-2.447357316067794997e-01
1.536356924708928151e-01
5.581603854332302106e-01
-4.779894959423111600e-02
3.571141103792925264e-01
-2.451105467728429688e-01
1.532498989443121518e-01
5.577990492346736051e-01
-4.815018019764963353e-02
3.567599729062977398e-01
-2.454356041106317832e-01
1.529146657551278821e-01
5.574844508255131226e-01
-4.845655846920444293e-02
3.564504969553874414e-01
-2.457201840860516462e-01
1.526206748386333967e-01
5.572080826299165013e-01
-4.872615184528476806e-02
3.561777432481222361e-01
-2.459713966982683409e-01
1.523607631651854311e-01
5.569633818279240423e-01
-4.896520426359871753e-02
3.559355473734041042e-01
-2.461947803707642823e-01
1.521293343095303230e-01
5.567452051781923705e-01
-4.917862338755233514e-02
3.557190504544164300e-01
-2.463947130785096307e-01
1.519219526929541098e-01
5.565494651745368504e-01
-4.937031965539736417e-02
3.555243711560626685e-01
-2.465747009271772039e-01
1.517350576390756878e-01
5.563728725721782675e-01
-4.954344715530907550e-02
3.553483717796898089e-01
-2.467375847543626932e-01
1.515657579298202440e-01
5.562127507130111281e-01
-4.970057794290630437e-02
3.551884884131004116e-01
-2.468856906775759308e-01
1.514116816226264983e-01
5.560668993421785666e-01
-4.984383030013767729e-02
3.550426055750142695e-01
-2.470209415527256369e-01
1.512708645394651996e-01
5.559334931884717390e-01
-4.997496452883998241e-02
3.549089623314797270e-01
-2.471449406882841593e-01
1.511416662946094558e-01
5.558110053825221497e-01
-5.009545546813434086e-02
3.547860810395953579e-01
-2.472590355439967247e-01
1.510227062434491563e-01
5.556981488992842610e-01
-5.020654808325696050e-02
3.546727126057320212e-01
-2.473643667884627972e-01
1.509128140506727500e-01
5.555938312617841879e-01
-5.030930055252477023e-02
3.545677939594482075e-01
-2.474619064841899474e-01
1.508109911297131345e-01
5.554971191338486936e-01
-5.040461801897751920e-02
3.544704146794783184e-01
-2.475524881198341298e-01
1.507163802621969972e-01
5.554072103707889951e-01
-5.049327928063838261e-02
3.543797905523128344e-01
-2.476368304459080349e-01
1.506282414454611918e-01
5.553234117588273788e-01
-5.057595808493815792e-02
3.542952424422046720e-01
-2.477155565542883964e-01
1.505459325242229918e-01
5.552451211367485095e-01
-5.065324025887056603e-02
3.542161792675592724e-01
-2.477892092756492914e-01
1.504688935415615381e-01
5.551718129255069911e-01
-5.072563759258523486e-02
3.541420841801820041e-01
-2.478582636960333929e-01
1.503966339964173393e-01
5.551030263323819547e-01
-5.079359917485173209e-02
3.540725032712842002e-01
-2.479231374022211609e-01
1.503287224025330882e-01
5.550383556692303211e-01
-5.085752070740145320e-02
3.540070362742461230e-01
-2.479841989233312061e-01
1.502647776726145079e-01
5.549774423561869563e-01
-5.091775220749244352e-02
3.539453288706989609e-01
-2.480417747280986018e-01
1.502044619709657636e-01
5.549199682778088727e-01
-5.097460441466199893e-02
3.538870662819073032e-01
-2.480961550564906859e-01
1.501474747476250482e-01
5.548656502337188101e-01
-5.102835414887314791e-02
3.538319679037528753e-01
-2.481475988102074259e-01
1.500935477339808977e-01
5.548142352762249763e-01
-5.107924881493773606e-02
3.537797827929755057e-01
-2.481963376692629675e-01
1.500424407210116384e-01
5.547654967772553958e-01
-5.112751020817216802e-02
3.537302858486023327e-01
-2.482425795778911704e-01
1.499939379867760714e-01
5.547192310914168534e-01
-5.117333774330760227e-02
3.536832745699132752e-01
